6.436316395342862506e+01 3.578211894333925173e-05 -2.624541173958439867e-04 4.154749893344811870e-05 -2.697966618629936550e-04
6.512037764699857689e+01 -6.268870378587092403e-05 -2.414082827994568970e-04 -6.101731073940021662e-05 -2.451429467702087865e-04
6.587759134056830135e+01 -1.401537390660455979e-04 -1.753557783302466932e-04 -1.406690664536458676e-04 -1.763352769358398047e-04
6.663480503413802580e+01 -1.835565755331638267e-04 -8.189743806766252687e-05 -1.846958731367563027e-04 -8.136899878748114485e-05
6.739201872770775026e+01 -1.877982025983186351e-04 1.792510650970974534e-05 -1.885897095307090276e-04 1.873424947380792493e-05
6.814923242127747471e+01 -1.558957913815597006e-04 1.040717977972886542e-04 -1.560082753820940418e-04 1.042766798697208669e-04
6.890644611484719917e+01 -9.755047824120729593e-05 1.612729942071005815e-04 -9.718017826774362640e-05 1.605043019202216051e-04
6.966365980841692362e+01 -2.657177985540043794e-05 1.814708438030946530e-04 -2.622904479998859791e-05 1.798848281658176084e-04
7.042087350198676177e+01 4.222052875238357141e-05 1.646061334832232836e-04 4.195338031720551324e-05 1.627553273961797158e-04
7.117808719555648622e+01 9.596181187918414622e-05 1.177776005666843223e-04 9.463798333793169311e-05 1.163946437185797261e-04
7.193530088912621068e+01 1.260159544690541593e-04 5.311101622351526824e-05 1.234541925320859781e-04 5.287066468479604110e-05
7.269251458269593513e+01 1.291911704370080299e-04 -1.511275994577787803e-05 1.255119123875746969e-04 -1.379169449731200233e-05
7.344972827626565959e+01 1.077762324262014469e-04 -7.343802489176907663e-05 1.033528270064507841e-04 -7.050595472709594120e-05
7.420694196983538404e+01 6.851611525763217974e-05 -1.117370477333580963e-04 6.386878168042143318e-05 -1.075225690415919551e-04
7.496415566340510850e+01 2.083825145574991195e-05 -1.248042667910905824e-04 1.650728590612340150e-05 -1.199264978997213336e-04
7.572136935697506033e+01 -2.524787085985271694e-05 -1.128316728649708445e-04 -2.881465898703243882e-05 -1.080464257811857693e-04
7.647858305054478478e+01 -6.113711994294704810e-05 -8.079318302614351376e-05 -6.365765156671664095e-05 -7.681677576385659994e-05
7.723579674411450924e+01 -8.112970902115255545e-05 -3.697328583564317254e-05 -8.251097761100678997e-05 -3.432933297845148899e-05
7.799301043768423369e+01 -8.320905395147041629e-05 8.984547377438013795e-06 -8.352472774611260768e-05 1.005978375424416906e-05
7.875022413125395815e+01 -6.902430606643175615e-05 4.808126893586563844e-05 -6.846186432917222018e-05 4.765718554118436010e-05
7.950743782482368260e+01 -4.316720478995506960e-05 7.362459228855858327e-05 -4.196495979013120854e-05 7.202122856534088268e-05
8.026465151839340706e+01 -1.196000993289509347e-05 8.226529914977346062e-05 -1.035293685658333410e-05 7.994632572466730050e-05
8.102186521196324520e+01 1.795737606928129765e-05 7.427441339922918331e-05 1.977063919106241663e-05 7.172073449750483438e-05
8.177907890553296966e+01 4.094535356644818174e-05 5.308981270588194779e-05 4.281102687712942889e-05 5.068823478075286306e-05
8.253629259910269411e+01 5.334263985532689044e-05 2.429978285620411663e-05 5.514106816227671887e-05 2.227383317951695804e-05
8.329350629267241857e+01 5.395227118511967653e-05 -5.677550284881370113e-06 5.557869061022940611e-05 -7.281485151113810419e-06
8.405071998624214302e+01 4.399588181124499688e-05 -3.092892652658941159e-05 4.534466624593544708e-05 -3.220319678361092096e-05
8.480793367981186748e+01 2.660430075914480734e-05 -4.713378900329215533e-05 2.756570945777260425e-05 -4.823585332535795366e-05
8.556514737338159193e+01 5.995105411661886616e-06 -5.222110631063280295e-05 6.467764365686304580e-06 -5.328987350693967690e-05
8.632236106695154376e+01 -1.346813219272869625e-05 -4.651547023405334003e-05 -1.355233681005110335e-05 -4.760339487457027557e-05
8.707957476052126822e+01 -2.813891242320797276e-05 -3.240123518498611369e-05 -2.878605466526935961e-05 -3.344143854115261125e-05
8.783678845409099267e+01 -3.571425242883194412e-05 -1.362422494976808409e-05 -3.684651969521866188e-05 -1.444064034928267862e-05
8.859400214766071713e+01 -3.552943656762228805e-05 5.592253937226010306e-06 -3.697980535770717197e-05 5.236323412748142660e-06
8.935121584123044158e+01 -2.850121314545689519e-05 2.142411495703868012e-05 -3.002992853532510575e-05 2.175411389085428609e-05
9.010842953480016604e+01 -1.677019361841309151e-05 3.114618882118780081e-05 -1.810224838381491001e-05 3.230193540752497838e-05
9.086564322836989049e+01 -3.145981627551494242e-06 3.353887625266763716e-05 -4.022684760959183737e-06 3.551843072143725730e-05
9.162285692193972864e+01 9.514781003455144429e-06 2.895585642480374484e-05 9.281479951763341646e-06 3.159291717965831750e-05
9.238007061550945309e+01 1.886894798040891010e-05 1.907799614321496024e-05 1.935225722264732992e-05 2.205911347352561985e-05
9.313728430907917755e+01 2.348395932370969915e-05 6.436653959574474782e-06 2.461931255290838579e-05 9.354514526338473875e-06
9.389449800264890200e+01 2.301277467164501416e-05 -6.175120391461149649e-06 2.460276621232157266e-05 -3.744656824400859178e-06
9.465171169621862646e+01 1.813774294782121373e-05 -1.627663264099704499e-05 1.988531364334276337e-05 -1.469126722812763217e-05
9.540892538978835091e+01 1.032040591076025099e-05 -2.214908484697042672e-05 1.188429681602282856e-05 -2.162901953575487594e-05
9.616613908335807537e+01 1.427776336605548130e-06 -2.308722295111936614e-05 2.489236600836859680e-06 -2.367150215558242636e-05
9.692335277692802720e+01 -6.678283575662706191e-06 -1.942614255574987204e-05 -6.351132662946939805e-06 -2.096524106203718699e-05
9.768056647049775165e+01 -1.250447608729342286e-05 -1.236276045960948622e-05 -1.300785084051873820e-05 -1.454839401881401097e-05
9.843778016406747611e+01 -1.517671368245137472e-05 -3.629017496965888024e-06 -1.644802678258411123e-05 -6.054512070479203134e-06
9.919499385763720056e+01 -1.454163912694547986e-05 4.903673737053995041e-06 -1.636689144928730823e-05 2.665013061422889404e-06
9.995220755120692502e+01 -1.111569575122548322e-05 1.160452413477395106e-05 -1.316618911521097287e-05 9.918729046717624225e-06
1.007094212447766495e+02 -5.908481182848271287e-06 1.537581543288924599e-05 -7.799891522433655472e-06 1.448089436921913328e-05
1.014666349383463739e+02 -1.687095710287421693e-07 1.581015356731110553e-05 -1.531278812131161427e-06 1.577469238931743847e-05
1.022238486319162121e+02 4.889030932141374971e-06 1.319619331329474773e-05 4.342458000718869702e-06 1.391131012881207548e-05
1.029810623254859365e+02 8.321061125020950676e-06 8.387610881419193154e-06 8.741889460959863231e-06 9.593221523843007155e-06
1.037382760190556610e+02 9.612370589741701441e-06 2.575152332118511572e-06 1.098779111877481093e-05 3.915056922401444718e-06
1.044954897126253854e+02 8.732806891479126055e-06 -2.983625843013767195e-06 1.088707803894796336e-05 -1.888644899574224321e-06
1.052527034061951099e+02 6.091455408693952135e-06 -7.219608788778190759e-06 8.716389931258288398e-06 -6.694759803285360981e-06
1.060099170997648343e+02 2.408981299237146954e-06 -9.443775379542931870e-06 5.117690746794982172e-06 -9.694038476782946520e-06
1.067671307933345588e+02 -1.458255707840350944e-06 -9.443998189306875607e-06 9.354891700668992722e-07 -1.051136381969946626e-05
1.075243444869045106e+02 -4.702565950897151067e-06 -7.477489794948315235e-06 -2.966802015042697152e-06 -9.229835228708531641e-06
1.082815581804742351e+02 -6.720519219808721450e-06 -4.170880814592349011e-06 -5.873977351234008634e-06 -6.324624929563612848e-06
1.090387718740439595e+02 -7.212067443025367481e-06 -3.569493143357089386e-07 -7.339491248622029027e-06 -2.529146122498234812e-06
1.097959855676136840e+02 -6.209529925046966743e-06 3.113323554305421455e-06 -7.241345402407458183e-06 1.333461241827568480e-06
1.105531992611834085e+02 -4.038022711486122410e-06 5.543619823643229381e-06 -5.769810264951936468e-06 4.517512089607268908e-06
1.113104129547531329e+02 -1.222258460934895264e-06 6.517213232065249252e-06 -3.356804356528930056e-06 6.488815315945875972e-06
1.120676266483228574e+02 1.636357578687314693e-06 5.953830799287004499e-06 -5.668295483014080474e-07 7.003584545388568219e-06
1.128248403418926955e+02 3.985078926876822430e-06 4.093800492848449367e-06 2.025473655483620835e-06 6.123183841892252038e-06
