6.436316395342862506e+01 3.578211894333925173e-05 -2.624541173958439867e-04 4.223476998231987672e-05 -2.533133865106527126e-04
6.512037764699857689e+01 -6.268870378587092403e-05 -2.414082827994568970e-04 -6.810651558948202587e-05 -2.325490384386090384e-04
6.587759134056830135e+01 -1.401537390660455979e-04 -1.753557783302466932e-04 -1.533267098572239071e-04 -1.696114053894024257e-04
6.663480503413802580e+01 -1.835565755331638267e-04 -8.189743806766252687e-05 -1.998917217406387717e-04 -8.115654948384750864e-05
6.739201872770775026e+01 -1.877982025983186351e-04 1.792510650970974534e-05 -2.031407337504554246e-04 1.310887405990482261e-05
6.814923242127747471e+01 -1.558957913815597006e-04 1.040717977972886542e-04 -1.672038323525625980e-04 9.452907063890127919e-05
6.890644611484719917e+01 -9.755047824120729593e-05 1.612729942071005815e-04 -1.032483266574358942e-04 1.489498235505153534e-04
6.966365980841692362e+01 -2.657177985540043794e-05 1.814708438030946530e-04 -2.657228273952141046e-05 1.689302600633131395e-04
7.042087350198676177e+01 4.222052875238357141e-05 1.646061334832232836e-04 4.677272370014774739e-05 1.544287905250055020e-04
7.117808719555648622e+01 9.596181187918414622e-05 1.177776005666843223e-04 1.031324511437425499e-04 1.119994665383477724e-04
7.193530088912621068e+01 1.260159544690541593e-04 5.311101622351526824e-05 1.335969943563445098e-04 5.281575606743404430e-05
7.269251458269593513e+01 1.291911704370080299e-04 -1.511275994577787803e-05 1.351834941425617313e-04 -9.971902023246611535e-06
7.344972827626565959e+01 1.077762324262014469e-04 -7.343802489176907663e-05 1.107561900718874773e-04 -6.396659652761753519e-05
7.420694196983538404e+01 6.851611525763217974e-05 -1.117370477333580963e-04 6.783759251082117653e-05 -9.981191347435430133e-05
7.496415566340510850e+01 2.083825145574991195e-05 -1.248042667910905824e-04 1.665964146168232916e-05 -1.126468801086880414e-04
7.572136935697506033e+01 -2.524787085985271694e-05 -1.128316728649708445e-04 -3.208927237272733588e-05 -1.025420373694124911e-04
7.647858305054478478e+01 -6.113711994294704810e-05 -8.079318302614351376e-05 -6.935741691752278330e-05 -7.394504241811826408e-05
7.723579674411450924e+01 -8.112970902115255545e-05 -3.697328583564317254e-05 -8.928040422937775285e-05 -3.435041194783814762e-05
7.799301043768423369e+01 -8.320905395147041629e-05 8.984547377438013795e-06 -8.995254063758306414e-05 7.467220202018176126e-06
7.875022413125395815e+01 -6.902430606643175615e-05 4.808126893586563844e-05 -7.335688252571170994e-05 4.327074932798968311e-05
7.950743782482368260e+01 -4.316720478995506960e-05 7.362459228855858327e-05 -4.455964481685180785e-05 6.687613076735217539e-05
8.026465151839340706e+01 -1.196000993289509347e-05 8.226529914977346062e-05 -1.040363737187673834e-05 7.510924528026563702e-05
8.102186521196324520e+01 1.795737606928129765e-05 7.427441339922918331e-05 2.199457705069630243e-05 6.808247520432939438e-05
8.177907890553296966e+01 4.094535356644818174e-05 5.308981270588194779e-05 4.663501215064561880e-05 4.881274257756727320e-05
8.253629259910269411e+01 5.334263985532689044e-05 2.429978285620411663e-05 5.965865979084866884e-05 2.232625157358284718e-05
8.329350629267241857e+01 5.395227118511967653e-05 -5.677550284881370113e-06 5.985029056231317400e-05 -5.522638902982872626e-06
8.405071998624214302e+01 4.399588181124499688e-05 -3.092892652658941159e-05 4.858075677959344482e-05 -2.926128896701334246e-05
8.480793367981186748e+01 2.660430075914480734e-05 -4.713378900329215533e-05 2.926130472352927021e-05 -4.480298223644773806e-05
8.556514737338159193e+01 5.995105411661886616e-06 -5.222110631063280295e-05 6.467727522334112593e-06 -5.007607021301260905e-05
8.632236106695154376e+01 -1.346813219272869625e-05 -4.651547023405334003e-05 -1.506201304712771855e-05 -4.519893663476443442e-05
8.707957476052126822e+01 -2.813891242320797276e-05 -3.240123518498611369e-05 -3.135121664219331220e-05 -3.221715486626225666e-05
8.783678845409099267e+01 -3.571425242883194412e-05 -1.362422494976808409e-05 -3.986107576253779413e-05 -1.450110057312177816e-05
8.859400214766071713e+01 -3.552943656762228805e-05 5.592253937226010306e-06 -3.981824322648175177e-05 4.043593357352314951e-06
8.935121584123044158e+01 -2.850121314545689519e-05 2.142411495703868012e-05 -3.216900962446065548e-05 1.978129281365645890e-05
9.010842953480016604e+01 -1.677019361841309151e-05 3.114618882118780081e-05 -1.920980489054238487e-05 3.001168463322328360e-05
9.086564322836989049e+01 -3.145981627551494242e-06 3.353887625266763716e-05 -4.000154589817964219e-06 3.338333992177853896e-05
9.162285692193972864e+01 9.514781003455144429e-06 2.895585642480374484e-05 1.030583651407823680e-05 3.000408174103210440e-05
9.238007061550945309e+01 1.886894798040891010e-05 1.907799614321496024e-05 2.107275300047873354e-05 2.126031687948904157e-05
9.313728430907917755e+01 2.348395932370969915e-05 6.436653959574474782e-06 2.663072546808071747e-05 9.411788041366891012e-06
9.389449800264890200e+01 2.301277467164501416e-05 -6.175120391461149649e-06 2.648871337745147946e-05 -2.936158989115348669e-06
9.465171169621862646e+01 1.813774294782121373e-05 -1.627663264099704499e-05 2.129906547329603244e-05 -1.336848438196628415e-05
9.540892538978835091e+01 1.032040591076025099e-05 -2.214908484697042672e-05 1.260741307864433880e-05 -2.010120580161397363e-05
9.616613908335807537e+01 1.427776336605548130e-06 -2.308722295111936614e-05 2.459248962632660815e-06 -2.225318191004694389e-05
9.692335277692802720e+01 -6.678283575662706191e-06 -1.942614255574987204e-05 -7.045887864874930590e-06 -1.991551078050295110e-05
9.768056647049775165e+01 -1.250447608729342286e-05 -1.236276045960948622e-05 -1.416165877257983749e-05 -1.402747663054082978e-05
9.843778016406747611e+01 -1.517671368245137472e-05 -3.629017496965888024e-06 -1.778999036741949077e-05 -6.103975941929274124e-06
9.919499385763720056e+01 -1.454163912694547986e-05 4.903673737053995041e-06 -1.761986179154815277e-05 2.117185110588127815e-06
9.995220755120692502e+01 -1.111569575122548322e-05 1.160452413477395106e-05 -1.410042714457035718e-05 9.031915296987583119e-06
1.007094212447766495e+02 -5.908481182848271287e-06 1.537581543288924599e-05 -8.271781551007472352e-06 1.346178745954487422e-05
1.014666349383463739e+02 -1.687095710287421693e-07 1.581015356731110553e-05 -1.501333646560612358e-06 1.483260115670868329e-05
1.022238486319162121e+02 4.889030932141374971e-06 1.319619331329474773e-05 4.813470589174127621e-06 1.321786409676906981e-05
1.029810623254859365e+02 8.321061125020950676e-06 8.387610881419193154e-06 9.515558736183115212e-06 9.253697461506088653e-06
1.037382760190556610e+02 9.612370589741701441e-06 2.575152332118511572e-06 1.188303632340357068e-05 3.955533520192855970e-06
1.044954897126253854e+02 8.732806891479126055e-06 -2.983625843013767195e-06 1.171944153040795612e-05 -1.517585014478395041e-06
1.052527034061951099e+02 6.091455408693952135e-06 -7.219608788778190759e-06 9.333665922235711418e-06 -6.100303334773321052e-06
1.060099170997648343e+02 2.408981299237146954e-06 -9.443775379542931870e-06 5.425481287611424345e-06 -9.014316708661441541e-06
1.067671307933345588e+02 -1.458255707840350944e-06 -9.443998189306875607e-06 9.089072804006137984e-07 -9.885655207933818141e-06
1.075243444869045106e+02 -4.702565950897151067e-06 -7.477489794948315235e-06 -3.285999620180352652e-06 -8.771817049585270898e-06
1.082815581804742351e+02 -6.720519219808721450e-06 -4.170880814592349011e-06 -6.392681715985226863e-06 -6.103452388892952896e-06
1.090387718740439595e+02 -7.212067443025367481e-06 -3.569493143357089386e-07 -7.936671162221727778e-06 -2.561117022750732127e-06
1.097959855676136840e+02 -6.209529925046966743e-06 3.113323554305421455e-06 -7.794244691657895011e-06 1.082224089232251797e-06
1.105531992611834085e+02 -4.038022711486122410e-06 5.543619823643229381e-06 -6.177601352300427951e-06 4.119081922421291682e-06
1.113104129547531329e+02 -1.222258460934895264e-06 6.517213232065249252e-06 -3.557455809904768332e-06 6.035495368122418488e-06
1.120676266483228574e+02 1.636357578687314693e-06 5.953830799287004499e-06 -5.447077818803542797e-07 6.588045719955693513e-06
1.128248403418926955e+02 3.985078926876822430e-06 4.093800492848449367e-06 2.241705238414485631e-06 5.820710707797783068e-06
